0.30998,0.29388,0.25403,0.2754,0.2053,0.10815,0.17828,0.030493,0.024862,0.14956,0.1834,0.14676,-0.026806,0.051516,0.065501,0.062555,0,0,0,0,0,0,0,0,0,0,0,0,0,0,0,0
0.29388,0.38643,0.25996,0.30589,0.24997,0.10431,0.20486,0.036225,-0.015492,0.14508,0.23039,0.15001,-0.098065,0.019655,0.052874,0.067642,0,0,0,0,0,0,0,0,0,0,0,0,0,0,0,0
0.25403,0.25996,0.37156,0.29028,0.23006,0.17069,0.26266,0.062911,0.099643,0.30432,0.34112,0.30596,0.078152,0.13419,0.18602,0.15624,0,0,0,0,0,0,0,0,0,0,0,0,0,0,0,0
0.2754,0.30589,0.29028,0.34857,0.28119,0.12321,0.28645,0.059662,0.01463,0.233,0.34813,0.2456,-0.043757,0.080904,0.17043,0.16705,0,0,0,0,0,0,0,0,0,0,0,0,0,0,0,0
0.2053,0.24997,0.23006,0.28119,0.30814,0.10531,0.2619,0.079944,-0.023948,0.22258,0.34815,0.26454,-0.0045349,0.042329,0.11608,0.10802,0,0,0,0,0,0,0,0,0,0,0,0,0,0,0,0
0.10815,0.10431,0.17069,0.12321,0.10531,0.19964,0.16922,0.058379,0.17637,0.27055,0.2045,0.22371,0.19071,0.2133,0.22645,0.16759,0,0,0,0,0,0,0,0,0,0,0,0,0,0,0,0
0.17828,0.20486,0.26266,0.28645,0.2619,0.16922,0.70628,0.097359,0.090255,0.51353,0.86218,0.5627,-0.023158,0.34592,0.6713,0.56738,0,0,0,0,0,0,0,0,0,0,0,0,0,0,0,0
0.030493,0.036225,0.062911,0.059662,0.079944,0.058379,0.097359,0.11778,0.051024,0.13667,0.14544,0.15951,0.13524,0.12913,0.11914,0.091337,0,0,0,0,0,0,0,0,0,0,0,0,0,0,0,0
0.024862,-0.015492,0.099643,0.01463,-0.023948,0.17637,0.090255,0.051024,0.33851,0.33159,0.11694,0.25536,0.40849,0.47965,0.41135,0.32304,0,0,0,0,0,0,0,0,0,0,0,0,0,0,0,0
0.14956,0.14508,0.30432,0.233,0.22258,0.27055,0.51353,0.13667,0.33159,0.82009,0.88982,0.84141,0.46715,0.80081,0.94305,0.80097,0,0,0,0,0,0,0,0,0,0,0,0,0,0,0,0
0.1834,0.23039,0.34112,0.34813,0.34815,0.2045,0.86218,0.14544,0.11694,0.88982,1.4231,1.02,0.08627,0.70648,1.1449,0.99988,0,0,0,0,0,0,0,0,0,0,0,0,0,0,0,0
0.14676,0.15001,0.30596,0.2456,0.26454,0.22371,0.5627,0.15951,0.25536,0.84141,1.02,1.0408,0.56257,0.70766,0.87348,0.80359,0,0,0,0,0,0,0,0,0,0,0,0,0,0,0,0
-0.026806,-0.098065,0.078152,-0.043757,-0.0045349,0.19071,-0.023158,0.13524,0.40849,0.46715,0.08627,0.56257,0.98278,0.56766,0.30982,0.26946,0,0,0,0,0,0,0,0,0,0,0,0,0,0,0,0
0.051516,0.019655,0.13419,0.080904,0.042329,0.2133,0.34592,0.12913,0.47965,0.80081,0.70648,0.70766,0.56766,1.4113,1.5261,1.2499,0,0,0,0,0,0,0,0,0,0,0,0,0,0,0,0
0.065501,0.052874,0.18602,0.17043,0.11608,0.22645,0.6713,0.11914,0.41135,0.94305,1.1449,0.87348,0.30982,1.5261,2.0481,1.7165,0,0,0,0,0,0,0,0,0,0,0,0,0,0,0,0
0.062555,0.067642,0.15624,0.16705,0.10802,0.16759,0.56738,0.091337,0.32304,0.80097,0.99988,0.80359,0.26946,1.2499,1.7165,1.5238,0,0,0,0,0,0,0,0,0,0,0,0,0,0,0,0
0,0,0,0,0,0,0,0,0,0,0,0,0,0,0,0,13.222,9.908,11.084,11.12,7.6139,7.5447,9.1983,3.5423,5.1267,6.721,6.8951,5.0561,1.7408,3.605,3.309,2.6352
0,0,0,0,0,0,0,0,0,0,0,0,0,0,0,0,9.908,13.091,9.0485,10.396,8.3832,5.7869,8.3421,4.0468,3.6953,5.373,6.059,4.8994,1.7358,2.5378,2.4622,2.1009
0,0,0,0,0,0,0,0,0,0,0,0,0,0,0,0,11.084,9.0485,17.188,11.745,8.1001,9.5486,11.635,3.9723,6.8615,9.0334,9.0004,6.6889,2.645,4.9404,4.5189,3.7015
0,0,0,0,0,0,0,0,0,0,0,0,0,0,0,0,11.12,10.396,11.745,13.805,9.7852,7.6453,12.254,4.8375,5.3245,7.9491,8.8116,6.954,2.6967,3.9403,3.7949,3.2392
0,0,0,0,0,0,0,0,0,0,0,0,0,0,0,0,7.6139,8.3832,8.1001,9.7852,11.031,5.316,9.5991,5.3121,3.6739,6.0022,7.1237,6.3166,2.7181,2.7835,2.8425,2.5725
0,0,0,0,0,0,0,0,0,0,0,0,0,0,0,0,7.5447,5.7869,9.5486,7.6453,5.316,10.733,9.2999,3.2465,8.3724,9.4479,8.3382,5.97,2.8091,6.5597,5.7198,4.4732
0,0,0,0,0,0,0,0,0,0,0,0,0,0,0,0,9.1983,8.3421,11.635,12.254,9.5991,9.2999,20.565,6.5141,8.4723,13.872,16.597,13.144,5.6343,7.8701,7.7843,7.0616
0,0,0,0,0,0,0,0,0,0,0,0,0,0,0,0,3.5423,4.0468,3.9723,4.8375,5.3121,3.2465,6.5141,6.7975,3.0508,4.9124,6.1022,6.346,4.1093,3.0942,3.2488,3.4058
0,0,0,0,0,0,0,0,0,0,0,0,0,0,0,0,5.1267,3.6953,6.8615,5.3245,3.6739,8.3724,8.4723,3.0508,11.606,11.594,10.04,7.5656,4.8942,10.919,9.3909,7.4914
0,0,0,0,0,0,0,0,0,0,0,0,0,0,0,0,6.721,5.373,9.0334,7.9491,6.0022,9.4479,13.872,4.9124,11.594,16.186,16.122,12.36,6.5942,12.351,11.394,9.6227
0,0,0,0,0,0,0,0,0,0,0,0,0,0,0,0,6.8951,6.059,9.0004,8.8116,7.1237,8.3382,16.597,6.1022,10.04,16.122,20.661,16.495,7.9741,11.755,12.066,11.291
0,0,0,0,0,0,0,0,0,0,0,0,0,0,0,0,5.0561,4.8994,6.6889,6.954,6.3166,5.97,13.144,6.346,7.5656,12.36,16.495,16.501,9.4885,9.4894,10.26,10.752
0,0,0,0,0,0,0,0,0,0,0,0,0,0,0,0,1.7408,1.7358,2.645,2.6967,2.7181,2.8091,5.6343,4.1093,4.8942,6.5942,7.9741,9.4885,9.5493,6.9659,7.4255,8.3836
0,0,0,0,0,0,0,0,0,0,0,0,0,0,0,0,3.605,2.5378,4.9404,3.9403,2.7835,6.5597,7.8701,3.0942,10.919,12.351,11.755,9.4894,6.9659,15.282,13.758,11.352
0,0,0,0,0,0,0,0,0,0,0,0,0,0,0,0,3.309,2.4622,4.5189,3.7949,2.8425,5.7198,7.7843,3.2488,9.3909,11.394,12.066,10.26,7.4255,13.758,14.471,12.572
0,0,0,0,0,0,0,0,0,0,0,0,0,0,0,0,2.6352,2.1009,3.7015,3.2392,2.5725,4.4732,7.0616,3.4058,7.4914,9.6227,11.291,10.752,8.3836,11.352,12.572,13.835
