0.29759,0.23151,0.15307,0.16854,0.15787,0.043894,0.14081,0.017977,-0.21337,-0.11007,0.029408,-0.056296,-0.25437,-0.095398,-0.05316,-0.078866,0.0075903,0.014851,0.0011365,0.017894,0.014672,-0.014857,0.00060431,-0.012857,-0.072646,-0.083335,-0.067375,-0.082535,-0.059181,-0.049366,-0.04375,-0.050016
0.23151,0.24109,0.15601,0.21938,0.1993,0.04316,0.27576,0.07353,-0.22182,-0.044225,0.10884,0.0015715,-0.23423,-0.095948,-0.040669,-0.061551,0.01136,0.020386,0.0055609,0.019866,0.015842,-0.019828,-0.0022209,-0.0094145,-0.076831,-0.094374,-0.079344,-0.088794,-0.055671,-0.058205,-0.050349,-0.054606
0.15307,0.15601,0.20767,0.22894,0.23264,0.11206,0.4164,0.14982,0.018616,0.21871,0.2963,0.21418,0.002593,0.042676,0.055686,0.040231,0.00097999,0.0054341,-0.0035927,0.0059927,0.0033662,-0.0087044,0.0076288,0.0081715,-0.015283,-0.011605,-0.0077766,0.0013789,0.013034,-0.011082,-0.0069251,-0.0053178
0.16854,0.21938,0.22894,0.34122,0.31435,0.12938,0.54007,0.21343,-0.11981,0.17089,0.34028,0.18895,-0.11679,-0.026878,0.027727,0.012494,0.014548,0.021892,0.011246,0.025603,0.024518,-0.01426,0.019807,0.018133,-0.039348,-0.051588,-0.041511,-0.028146,0.0023643,-0.035033,-0.032392,-0.028616
0.15787,0.1993,0.23264,0.31435,0.3203,0.12771,0.54893,0.22283,-0.090077,0.19699,0.34697,0.20639,-0.086081,-0.028199,0.013585,0.0045508,0.0098085,0.014342,0.0023713,0.013506,0.012001,-0.014628,0.0073934,0.01274,-0.028269,-0.037411,-0.033373,-0.016267,0.0094434,-0.026799,-0.0248,-0.021436
0.043894,0.04316,0.11206,0.12938,0.12771,0.11538,0.22962,0.12763,0.09995,0.17236,0.19163,0.15722,0.079578,0.057245,0.052945,0.047966,-0.0044041,-0.0033158,-0.0035506,-6.5337e-05,0.0040849,0.0043921,0.017768,0.016993,0.02932,0.037694,0.034172,0.050824,0.045537,0.020699,0.015127,0.02
0.14081,0.27576,0.4164,0.54007,0.54893,0.22962,1.1697,0.41844,0.097372,0.67548,0.83944,0.65307,0.12983,0.16216,0.17592,0.16323,0.011536,0.02088,0.005559,0.021042,0.014601,-0.02329,0.019819,0.035875,-0.021455,-0.016877,-0.014752,0.022705,0.056965,-0.022662,-0.0083635,-0.0013144
0.017977,0.07353,0.14982,0.21343,0.22283,0.12763,0.41844,0.23242,0.012985,0.19748,0.27313,0.18913,0.024693,-0.019764,-0.0017477,-0.003869,0.00096518,0.00068986,-0.0045412,-0.0037206,-0.00048586,-0.0041025,0.0043959,0.017775,0.021679,0.015506,0.0079039,0.035769,0.048966,0.0069981,-0.00055848,0.0070699
-0.21337,-0.22182,0.018616,-0.11981,-0.090077,0.09995,0.097372,0.012985,0.81754,0.7085,0.419,0.59243,0.78599,0.58539,0.42966,0.45667,-0.026926,-0.027865,-0.0099382,-0.0201,-0.014541,0.034693,0.040906,0.038672,0.14071,0.21222,0.19162,0.20785,0.1356,0.1208,0.12413,0.13133
-0.11007,-0.044225,0.21871,0.17089,0.19699,0.17236,0.67548,0.19748,0.7085,0.96124,0.83487,0.86555,0.72218,0.61647,0.50754,0.53013,-0.0095184,-0.0038455,0.003475,0.0045701,0.0031261,0.01222,0.047055,0.047886,0.081654,0.14834,0.14402,0.16388,0.12424,0.081035,0.098496,0.10583
0.029408,0.10884,0.2963,0.34028,0.34697,0.19163,0.83944,0.27313,0.419,0.83487,0.92763,0.80646,0.45003,0.49711,0.48207,0.50241,0.01308,0.025098,0.022819,0.035175,0.034952,-0.0073386,0.054109,0.047396,0.0053625,0.056195,0.074896,0.084072,0.078766,0.032456,0.053867,0.059941
-0.056296,0.0015715,0.21418,0.18895,0.20639,0.15722,0.65307,0.18913,0.59243,0.86555,0.80646,0.82013,0.6199,0.57364,0.48342,0.50723,-0.0015937,0.0063493,0.010124,0.015282,0.014286,0.0046499,0.043589,0.041234,0.047191,0.10459,0.10813,0.11943,0.0939,0.059988,0.078222,0.08313
-0.25437,-0.23423,0.002593,-0.11679,-0.086081,0.079578,0.12983,0.024693,0.78599,0.72218,0.45003,0.6199,0.80702,0.58643,0.4298,0.48092,-0.020775,-0.022726,-0.0079415,-0.018903,-0.017466,0.028591,0.029314,0.034136,0.13011,0.19166,0.17082,0.18579,0.12676,0.11319,0.11704,0.12404
-0.095398,-0.095948,0.042676,-0.026878,-0.028199,0.057245,0.16216,-0.019764,0.58539,0.61647,0.49711,0.57364,0.58643,0.60488,0.50631,0.54413,-0.0044133,0.0034397,0.013164,0.01947,0.018996,0.010431,0.049938,0.029507,0.042638,0.10461,0.11602,0.10397,0.061608,0.064424,0.085547,0.087729
-0.05316,-0.040669,0.055686,0.027727,0.013585,0.052945,0.17592,-0.0017477,0.42966,0.50754,0.48207,0.48342,0.4298,0.50631,0.48829,0.50617,0.0013789,0.010332,0.019001,0.025588,0.027177,0.0012815,0.049007,0.024199,0.011059,0.068397,0.09281,0.072009,0.040702,0.046275,0.06959,0.070425
-0.078866,-0.061551,0.040231,0.012494,0.0045508,0.047966,0.16323,-0.003869,0.45667,0.53013,0.50241,0.50723,0.48092,0.54413,0.50617,0.57189,0.00072489,0.0078019,0.014265,0.020447,0.020167,-0.0028246,0.039125,0.018666,0.012008,0.066269,0.086885,0.066086,0.038257,0.048669,0.070869,0.071627
0.0075903,0.01136,0.00097999,0.014548,0.0098085,-0.0044041,0.011536,0.00096518,-0.026926,-0.0095184,0.01308,-0.0015937,-0.020775,-0.0044133,0.0013789,0.00072489,23.313,15.478,15.234,16.367,12.67,9.4503,11.436,7.5692,5.3603,7.6163,8.2791,7.1729,4.1363,4.3011,4.1892,4.5059
0.014851,0.020386,0.0054341,0.021892,0.014342,-0.0033158,0.02088,0.00068986,-0.027865,-0.0038455,0.025098,0.0063493,-0.022726,0.0034397,0.010332,0.0078019,15.478,20.4,13.088,16.326,14.31,8.0039,11.854,8.7939,4.8652,7.5217,8.4074,7.7492,4.8959,4.1032,4.4781,4.7366
0.0011365,0.0055609,-0.0035927,0.011246,0.0023713,-0.0035506,0.005559,-0.0045412,-0.0099382,0.003475,0.022819,0.010124,-0.0079415,0.013164,0.019001,0.014265,15.234,13.088,21.885,15.529,12.109,11.064,13.2,7.4428,7.1287,9.7543,9.771,8.0611,4.8543,5.5008,5.544,5.3299
0.017894,0.019866,0.0059927,0.025603,0.013506,-6.5337e-05,0.021042,-0.0037206,-0.0201,0.0045701,0.035175,0.015282,-0.018903,0.01947,0.025588,0.020447,16.367,16.326,15.529,23.183,15.337,9.9494,15.275,9.1367,6.6705,10.106,11.306,9.476,6.0968,5.4428,5.8539,6.0855
0.014672,0.015842,0.0033662,0.024518,0.012001,0.0040849,0.014601,-0.00048586,-0.014541,0.0031261,0.034952,0.014286,-0.017466,0.018996,0.027177,0.020167,12.67,14.31,12.109,15.337,20.19,7.9495,13.457,10.569,5.4238,8.5982,10.196,9.6995,6.7172,4.7654,5.2027,5.681
-0.014857,-0.019828,-0.0087044,-0.01426,-0.014628,0.0043921,-0.02329,-0.0041025,0.034693,0.01222,-0.0073386,0.0046499,0.028591,0.010431,0.0012815,-0.0028246,9.4503,8.0039,11.064,9.9494,7.9495,19.415,10.024,5.8808,9.2841,10.31,9.353,7.3182,4.9361,6.6645,6.3895,5.9848
0.00060431,-0.0022209,0.0076288,0.019807,0.0073934,0.017768,0.019819,0.0043959,0.040906,0.047055,0.054109,0.043589,0.029314,0.049938,0.049007,0.039125,11.436,11.854,13.2,15.275,13.457,10.024,21.473,9.9382,9.0912,14.472,16.601,14.507,8.9905,8.6001,8.8519,8.9712
-0.012857,-0.0094145,0.0081715,0.018133,0.01274,0.016993,0.035875,0.017775,0.038672,0.047886,0.047396,0.041234,0.034136,0.029507,0.024199,0.018666,7.5692,8.7939,7.4428,9.1367,10.569,5.8808,9.9382,15.568,4.5831,7.0784,8.5884,9.7201,7.9999,4.6995,5.2114,5.9386
-0.072646,-0.076831,-0.015283,-0.039348,-0.028269,0.02932,-0.021455,0.021679,0.14071,0.081654,0.0053625,0.047191,0.13011,0.042638,0.011059,0.012008,5.3603,4.8652,7.1287,6.6705,5.4238,9.2841,9.0912,4.5831,17.352,12.803,11.527,9.0276,7.6993,11.733,10.634,9.8264
-0.083335,-0.094374,-0.011605,-0.051588,-0.037411,0.037694,-0.016877,0.015506,0.21222,0.14834,0.056195,0.10459,0.19166,0.10461,0.068397,0.066269,7.6163,7.5217,9.7543,10.106,8.5982,10.31,14.472,7.0784,12.803,18.525,16.894,13.639,9.4649,12.554,11.696,11.105
-0.067375,-0.079344,-0.0077766,-0.041511,-0.033373,0.034172,-0.014752,0.0079039,0.19162,0.14402,0.074896,0.10813,0.17082,0.11602,0.09281,0.086885,8.2791,8.4074,9.771,11.306,10.196,9.353,16.601,8.5884,11.527,16.894,23.198,16.707,11.438,12.32,12.926,13.076
-0.082535,-0.088794,0.0013789,-0.028146,-0.016267,0.050824,0.022705,0.035769,0.20785,0.16388,0.084072,0.11943,0.18579,0.10397,0.072009,0.066086,7.1729,7.7492,8.0611,9.476,9.6995,7.3182,14.507,9.7201,9.0276,13.639,16.707,19.814,13.043,10.434,11.337,12.399
-0.059181,-0.055671,0.013034,0.0023643,0.0094434,0.045537,0.056965,0.048966,0.1356,0.12424,0.078766,0.0939,0.12676,0.061608,0.040702,0.038257,4.1363,4.8959,4.8543,6.0968,6.7172,4.9361,8.9905,7.9999,7.6993,9.4649,11.438,13.043,17.954,9.3608,10.643,12.737
-0.049366,-0.058205,-0.011082,-0.035033,-0.026799,0.020699,-0.022662,0.0069981,0.1208,0.081035,0.032456,0.059988,0.11319,0.064424,0.046275,0.048669,4.3011,4.1032,5.5008,5.4428,4.7654,6.6645,8.6001,4.6995,11.733,12.554,12.32,10.434,9.3608,19.684,14.691,13.188
-0.04375,-0.050349,-0.0069251,-0.032392,-0.0248,0.015127,-0.0083635,-0.00055848,0.12413,0.098496,0.053867,0.078222,0.11704,0.085547,0.06959,0.070869,4.1892,4.4781,5.544,5.8539,5.2027,6.3895,8.8519,5.2114,10.634,11.696,12.926,11.337,10.643,14.691,19.236,15.961
-0.050016,-0.054606,-0.0053178,-0.028616,-0.021436,0.02,-0.0013144,0.0070699,0.13133,0.10583,0.059941,0.08313,0.12404,0.087729,0.070425,0.071627,4.5059,4.7366,5.3299,6.0855,5.681,5.9848,8.9712,5.9386,9.8264,11.105,13.076,12.399,12.737,13.188,15.961,24.099
