0.29466,0.22904,0.15004,0.16503,0.15407,0.042532,0.13478,0.015749,-0.21054,-0.11178,0.023762,-0.059082,-0.25164,-0.095926,-0.055363,-0.080872,0.2183,0.20843,0.11527,0.16779,0.11549,-0.0051666,0.10198,-0.01275,-0.22195,-0.092784,0.02581,-0.059604,-0.23394,-0.11134,-0.049083,-0.074274
0.22904,0.23854,0.15316,0.21545,0.19508,0.041826,0.26942,0.070809,-0.21745,-0.044518,0.10439,0.00046049,-0.22986,-0.094676,-0.041516,-0.062059,0.21323,0.22035,0.13666,0.20378,0.16849,0.021466,0.1902,0.054353,-0.22059,-0.03697,0.095059,-0.0033331,-0.21665,-0.10501,-0.041637,-0.064252
0.15004,0.15316,0.20362,0.22435,0.22754,0.1099,0.40746,0.14668,0.019895,0.21525,0.29027,0.21055,0.0042924,0.042333,0.054696,0.039631,0.12555,0.1423,0.17803,0.20928,0.20265,0.10992,0.34839,0.1369,0.032359,0.21644,0.2799,0.21112,0.019966,0.04187,0.075222,0.059332
0.16503,0.21545,0.22435,0.33483,0.30748,0.12695,0.52959,0.20872,-0.11437,0.16987,0.33445,0.18724,-0.11122,-0.02419,0.028328,0.013562,0.1699,0.2049,0.21119,0.29422,0.28916,0.13302,0.4509,0.20973,-0.086639,0.16729,0.30717,0.18954,-0.09011,-0.021247,0.037589,0.015225
0.15407,0.19508,0.22754,0.30748,0.31299,0.12494,0.53736,0.21782,-0.084937,0.19554,0.34112,0.20456,-0.080651,-0.025307,0.014692,0.00615,0.14429,0.18624,0.20901,0.27438,0.2886,0.13646,0.46443,0.21597,-0.059058,0.19705,0.32213,0.20969,-0.060248,-0.021277,0.035253,0.013109
0.042532,0.041826,0.1099,0.12695,0.12494,0.11416,0.22477,0.12575,0.10001,0.17008,0.18843,0.15489,0.079694,0.057132,0.052983,0.048124,0.023894,0.033199,0.095985,0.10815,0.11663,0.10929,0.21996,0.12051,0.10665,0.16383,0.17086,0.15425,0.087042,0.057588,0.058526,0.057213
0.13478,0.26942,0.40746,0.52959,0.53736,0.22477,1.1493,0.41107,0.10047,0.66828,0.82743,0.64617,0.13409,0.16254,0.17495,0.16328,0.19673,0.27065,0.39088,0.47684,0.51177,0.2843,0.93924,0.42173,0.16148,0.64908,0.79362,0.63969,0.16255,0.17356,0.22399,0.20007
0.015749,0.070809,0.14668,0.20872,0.21782,0.12575,0.41107,0.22867,0.017533,0.19814,0.27129,0.18972,0.029464,-0.015541,0.001465,-0.00014606,0.028004,0.066322,0.14084,0.17401,0.21878,0.14844,0.37817,0.23296,0.042074,0.19273,0.24808,0.19311,0.045531,0.0016934,0.019819,0.014792
-0.21054,-0.21745,0.019895,-0.11437,-0.084937,0.10001,0.10047,0.017533,0.79971,0.69633,0.41564,0.58286,0.76943,0.57259,0.42258,0.44934,-0.16363,-0.19954,0.026649,-0.083143,-0.080359,0.13514,0.10125,0.016517,0.78928,0.64635,0.38999,0.55088,0.72764,0.54894,0.41083,0.45703
-0.11178,-0.044518,0.21525,0.16987,0.19554,0.17008,0.66828,0.19814,0.69633,0.94808,0.82543,0.85415,0.71193,0.60544,0.49983,0.52296,-0.019563,-0.013541,0.22397,0.18168,0.19534,0.24477,0.57628,0.21759,0.74184,0.90331,0.79189,0.82788,0.69725,0.59751,0.52699,0.54894
0.023762,0.10439,0.29027,0.33445,0.34112,0.18843,0.82743,0.27129,0.41564,0.82543,0.91617,0.79715,0.44867,0.49045,0.47545,0.49714,0.1169,0.14155,0.30341,0.33538,0.34577,0.26049,0.75035,0.30275,0.48765,0.8026,0.86764,0.78425,0.4611,0.4875,0.50772,0.50551
-0.059082,0.00046049,0.21055,0.18724,0.20456,0.15489,0.64617,0.18972,0.58286,0.85415,0.79715,0.80979,0.61225,0.5636,0.47565,0.50026,0.036551,0.036261,0.22472,0.20676,0.21068,0.22203,0.56037,0.20895,0.63585,0.8183,0.7621,0.77836,0.60769,0.55784,0.50905,0.52929
-0.25164,-0.22986,0.0042924,-0.11122,-0.080651,0.079694,0.13409,0.029464,0.76943,0.71193,0.44867,0.61225,0.79188,0.57491,0.42392,0.47471,-0.17663,-0.20111,0.022702,-0.082531,-0.066675,0.13248,0.12502,0.041407,0.77641,0.66175,0.42107,0.58074,0.74945,0.56025,0.42416,0.47301
-0.095926,-0.094676,0.042333,-0.02419,-0.025307,0.057132,0.16254,-0.015541,0.57259,0.60544,0.49045,0.5636,0.57491,0.59193,0.49674,0.53461,-0.017214,-0.055537,0.064877,0.020794,-0.014181,0.095968,0.15941,0.0008127,0.59368,0.57158,0.46283,0.53715,0.5494,0.55625,0.49017,0.51478
-0.055363,-0.041516,0.054696,0.028328,0.014692,0.052983,0.17495,0.001465,0.42258,0.49983,0.47545,0.47565,0.42392,0.49674,0.48005,0.49854,0.025387,-0.0023931,0.0813,0.067428,0.03199,0.091774,0.19521,0.026905,0.44778,0.47762,0.44607,0.46321,0.40955,0.46738,0.45764,0.47129
-0.080872,-0.062059,0.039631,0.013562,0.00615,0.048124,0.16328,-0.00014606,0.44934,0.52296,0.49714,0.50026,0.47471,0.53461,0.49854,0.56456,0.0082989,-0.017016,0.072353,0.052748,0.02247,0.095683,0.18497,0.028626,0.47839,0.497,0.45838,0.48753,0.45355,0.49932,0.48233,0.50248
0.2183,0.21323,0.12555,0.1699,0.14429,0.023894,0.19673,0.028004,-0.16363,-0.019563,0.1169,0.036551,-0.17663,-0.017214,0.025387,0.0082989,24.544,16.375,16.028,17.445,13.371,9.8225,12.047,7.8667,5.4347,8.0057,8.8359,7.5777,4.1174,4.4723,4.4036,4.5935
0.20843,0.22035,0.1423,0.2049,0.18624,0.033199,0.27065,0.066322,-0.19954,-0.013541,0.14155,0.036261,-0.20111,-0.055537,-0.0023931,-0.017016,16.375,21.351,13.795,17.316,15.131,8.3525,12.615,9.3069,4.8702,8.0042,9.1209,8.3283,5.0018,4.2809,4.7391,4.9367
0.11527,0.13666,0.17803,0.21119,0.20901,0.095985,0.39088,0.14084,0.026649,0.22397,0.30341,0.22472,0.022702,0.064877,0.0813,0.072353,16.028,13.795,22.756,16.49,12.929,11.552,14.146,7.9212,7.4252,10.453,10.56,8.7204,5.0861,5.7395,5.8236,5.5081
0.16779,0.20378,0.20928,0.29422,0.27438,0.10815,0.47684,0.17401,-0.083143,0.18168,0.33538,0.20676,-0.082531,0.020794,0.067428,0.052748,17.445,17.316,16.49,24.609,16.458,10.507,16.546,9.8299,6.932,10.907,12.376,10.36,6.3494,5.7633,6.2065,6.3702
0.11549,0.16849,0.20265,0.28916,0.2886,0.11663,0.51177,0.21878,-0.080359,0.19534,0.34577,0.21068,-0.066675,-0.014181,0.03199,0.02247,13.371,15.131,12.929,16.458,21.392,8.5093,14.852,11.457,5.7222,9.4664,11.345,10.705,7.12,5.1375,5.6636,6.0882
-0.0051666,0.021466,0.10992,0.13302,0.13646,0.10929,0.2843,0.14844,0.13514,0.24477,0.26049,0.22203,0.13248,0.095968,0.091774,0.095683,9.8225,8.3525,11.552,10.507,8.5093,20.083,10.715,6.3211,9.7489,10.895,9.9881,7.9077,5.3144,6.9544,6.7425,6.2283
0.10198,0.1902,0.34839,0.4509,0.46443,0.21996,0.93924,0.37817,0.10125,0.57628,0.75035,0.56037,0.12502,0.15941,0.19521,0.18497,12.047,12.615,14.146,16.546,14.852,10.715,23.589,11.027,9.7732,15.926,18.429,16.125,9.7661,9.277,9.6308,9.6754
-0.01275,0.054353,0.1369,0.20973,0.21597,0.12051,0.42173,0.23296,0.016517,0.21759,0.30275,0.20895,0.041407,0.0008127,0.026905,0.028626,7.8667,9.3069,7.9212,9.8299,11.457,6.3211,11.027,16.519,4.8392,7.7661,9.4567,10.536,8.4145,4.9287,5.5192,6.2573
-0.22195,-0.22059,0.032359,-0.086639,-0.059058,0.10665,0.16148,0.042074,0.78928,0.74184,0.48765,0.63585,0.77641,0.59368,0.44778,0.47839,5.4347,4.8702,7.4252,6.932,5.7222,9.7489,9.7732,4.8392,18.342,13.761,12.377,10.018,8.6733,12.48,11.326,10.537
-0.092784,-0.03697,0.21644,0.16729,0.19705,0.16383,0.64908,0.19273,0.64635,0.90331,0.8026,0.8183,0.66175,0.57158,0.47762,0.497,8.0057,8.0042,10.453,10.907,9.4664,10.895,15.926,7.7661,13.761,19.838,18.269,15.027,10.475,13.375,12.537,11.878
0.02581,0.095059,0.2799,0.30717,0.32213,0.17086,0.79362,0.24808,0.38999,0.79189,0.86764,0.7621,0.42107,0.46283,0.44607,0.45838,8.8359,9.1209,10.56,12.376,11.345,9.9881,18.429,9.4567,12.377,18.269,24.918,18.295,12.333,13.177,13.877,13.883
-0.059604,-0.0033331,0.21112,0.18954,0.20969,0.15425,0.63969,0.19311,0.55088,0.82788,0.78425,0.77836,0.58074,0.53715,0.46321,0.48753,7.5777,8.3283,8.7204,10.36,10.705,7.9077,16.125,10.536,10.018,15.027,18.295,21.368,14.054,11.3,12.265,13.279
-0.23394,-0.21665,0.019966,-0.09011,-0.060248,0.087042,0.16255,0.045531,0.72764,0.69725,0.4611,0.60769,0.74945,0.5494,0.40955,0.45355,4.1174,5.0018,5.0861,6.3494,7.12,5.3144,9.7661,8.4145,8.6733,10.475,12.333,14.054,18.911,10.067,11.305,13.353
-0.11134,-0.10501,0.04187,-0.021247,-0.021277,0.057588,0.17356,0.0016934,0.54894,0.59751,0.4875,0.55784,0.56025,0.55625,0.46738,0.49932,4.4723,4.2809,5.7395,5.7633,5.1375,6.9544,9.277,4.9287,12.48,13.375,13.177,11.3,10.067,20.463,15.505,13.937
-0.049083,-0.041637,0.075222,0.037589,0.035253,0.058526,0.22399,0.019819,0.41083,0.52699,0.50772,0.50905,0.42416,0.49017,0.45764,0.48233,4.4036,4.7391,5.8236,6.2065,5.6636,6.7425,9.6308,5.5192,11.326,12.537,13.877,12.265,11.305,15.505,20.086,16.756
-0.074274,-0.064252,0.059332,0.015225,0.013109,0.057213,0.20007,0.014792,0.45703,0.54894,0.50551,0.52929,0.47301,0.51478,0.47129,0.50248,4.5935,4.9367,5.5081,6.3702,6.0882,6.2283,9.6754,6.2573,10.537,11.878,13.883,13.279,13.353,13.937,16.756,24.917
