count: 4
C0
[[0.448128 0.224542 0.252125 0.411185 0.227834 0.23704 0.217589 0.161229 -0.00062473 -0.00163377 -0.00187828 0.00218985 -0.000334118 0.00168892 -0.0014283 -0.000963799 -0.00185705 -0.0001251 -0.000121992 -0.000978293 0.000422597 -0.00033011 -0.000110878 -0.000342222]
 [0.224542 0.228034 0.200865 0.362704 0.20985 0.176951 0.213902 0.169095 0.00102448 0.000311381 0.000472593 0.00243099 -0.000116027 0.00127563 -3.34793e-006 -0.000232874 -0.00114367 0.000184645 0.000809285 -0.000753364 -0.000331465 -0.000427311 -7.07557e-006 -0.000459601]
 [0.252125 0.200865 0.282308 0.357653 0.186842 0.184398 0.191237 0.15684 0.00115031 0.00039492 0.00082242 0.00205246 0.000129218 0.00128322 -0.000180379 -0.000176209 -0.000623188 0.000572956 0.00102867 0.00029549 0.000209998 -0.000159365 0.000445513 -1.34155e-005]
 [0.411185 0.362704 0.357653 2.01321 0.623207 0.737418 0.425971 0.367803 0.00291133 0.000489659 -0.000815508 0.00614422 0.00218901 0.00337835 0.000619693 0.000923488 -0.00121224 0.00285394 0.0031794 -0.00435263 -0.00190272 -0.00352667 0.00144012 0.00223105]
 [0.227834 0.20985 0.186842 0.623207 0.355459 0.329741 0.265998 0.228993 0.000669562 0.000145731 -0.000352045 0.00157381 5.26788e-005 0.00126328 -0.000300551 -8.49506e-005 -0.00084133 0.00121212 0.00100919 -0.00128607 -0.000362388 -0.00099208 0.000906843 0.0011919]
 [0.23704 0.176951 0.184398 0.737418 0.329741 0.400313 0.216798 0.191637 -0.000290347 -0.000464948 -0.00145411 0.000863051 0.000541297 0.00115649 -0.00044197 0.000184199 -0.000868783 0.00134007 0.000902067 -0.00128263 -0.00016252 -0.00104706 0.0011571 0.000967828]
 [0.217589 0.213902 0.191237 0.425971 0.265998 0.216798 0.286427 0.196178 0.00113135 0.000543691 0.000490483 0.00332941 0.000179218 0.00184953 0.000444207 -0.000140468 -0.00124773 0.000331123 0.000456998 -0.00207289 -0.00124597 -0.00136564 -0.000227046 -0.000379282]
 [0.161229 0.169095 0.15684 0.367803 0.228993 0.191637 0.196178 0.233506 0.00116793 0.000311288 0.000418576 0.000230796 -0.000689275 0.000461631 -0.000395996 -0.000658111 -0.00119259 0.000264368 0.000329832 -0.00105762 -5.81717e-005 -0.000205335 0.00040823 -0.000135184]
 [-0.00062473 0.00102448 0.00115031 0.00291133 0.000669562 -0.000290347 0.00113135 0.00116793 0.845365 0.502098 0.525502 0.581194 0.328992 0.248512 0.429637 0.294286 -0.00288234 -0.00404035 -0.00573578 -0.00994758 -0.00098793 7.21093e-005 -0.000520143 -0.00665023]
 [-0.00163377 0.000311381 0.00039492 0.000489659 0.000145731 -0.000464948 0.000543691 0.000311288 0.502098 0.492815 0.412237 0.357331 0.307862 0.206655 0.411801 0.285182 -0.003952 -0.00286215 -0.00450347 -0.00799411 -0.00198005 -0.00120662 -0.00135155 -0.00319256]
 [-0.00187828 0.000472593 0.00082242 -0.000815508 -0.000352045 -0.00145411 0.000490483 0.000418576 0.525502 0.412237 0.550613 0.332313 0.276919 0.202779 0.329842 0.238718 0.00234897 0.00101509 -0.00177297 -0.00133978 0.00246836 0.00444722 0.00295512 -0.00225956]
 [0.00218985 0.00243099 0.00205246 0.00614422 0.00157381 0.000863051 0.00332941 0.000230796 0.581194 0.357331 0.332313 1.29081 0.378651 0.414099 0.407405 0.171454 0.00207266 0.00412031 -0.000191228 -0.00104084 0.00538866 0.00487677 0.00742604 0.00225685]
 [-0.000334118 -0.000116027 0.000129218 0.00218901 5.26788e-005 0.000541297 0.000179218 -0.000689275 0.328992 0.307862 0.276919 0.378651 0.392182 0.273094 0.349585 0.245016 -0.00269171 -0.000772351 -0.00385018 -0.00350685 0.00278516 0.00140079 0.00272604 0.00149251]
 [0.00168892 0.00127563 0.00128322 0.00337835 0.00126328 0.00115649 0.00184953 0.000461631 0.248512 0.206655 0.202779 0.414099 0.273094 0.311622 0.244068 0.152917 -0.000814299 0.00114203 -0.000742386 0.000949283 0.00457781 0.00280056 0.00472475 0.00330258]
 [-0.0014283 -3.34793e-006 -0.000180379 0.000619693 -0.000300551 -0.00044197 0.000444207 -0.000395996 0.429637 0.411801 0.329842 0.407405 0.349585 0.244068 0.483651 0.284682 -0.00517922 -0.0026484 -0.00515185 -0.00953195 -0.00167656 -0.00280419 0.000371524 3.72805e-005]
 [-0.000963799 -0.000232874 -0.000176209 0.000923488 -8.49506e-005 0.000184199 -0.000140468 -0.000658111 0.294286 0.285182 0.238718 0.171454 0.245016 0.152917 0.284682 0.313204 -0.000992214 2.70888e-005 -0.00133701 -0.00367764 0.0007735 0.000243291 0.00227349 0.0024899]
 [-0.00185705 -0.00114367 -0.000623188 -0.00121224 -0.00084133 -0.000868783 -0.00124773 -0.00119259 -0.00288234 -0.003952 0.00234897 0.00207266 -0.00269171 -0.000814299 -0.00517922 -0.000992214 1.6071 1.06634 0.799199 1.27169 0.633439 0.730351 0.821237 0.661204]
 [-0.0001251 0.000184645 0.000572956 0.00285394 0.00121212 0.00134007 0.000331123 0.000264368 -0.00404035 -0.00286215 0.00101509 0.00412031 -0.000772351 0.00114203 -0.0026484 2.70888e-005 1.06634 1.20419 0.834852 0.844986 0.598479 0.500801 0.95807 0.788868]
 [-0.000121992 0.000809285 0.00102867 0.0031794 0.00100919 0.000902067 0.000456998 0.000329832 -0.00573578 -0.00450347 -0.00177297 -0.000191228 -0.00385018 -0.000742386 -0.00515185 -0.00133701 0.799199 0.834852 0.887808 0.685205 0.348496 0.314287 0.587962 0.507883]
 [-0.000978293 -0.000753364 0.00029549 -0.00435263 -0.00128607 -0.00128263 -0.00207289 -0.00105762 -0.00994758 -0.00799411 -0.00133978 -0.00104084 -0.00350685 0.000949283 -0.00953195 -0.00367764 1.27169 0.844986 0.685205 2.97898 1.01648 1.44565 0.794541 0.307849]
 [0.000422597 -0.000331465 0.000209998 -0.00190272 -0.000362388 -0.00016252 -0.00124597 -5.81717e-005 -0.00098793 -0.00198005 0.00246836 0.00538866 0.00278516 0.00457781 -0.00167656 0.0007735 0.633439 0.598479 0.348496 1.01648 0.886181 0.749203 0.738818 0.584053]
 [-0.00033011 -0.000427311 -0.000159365 -0.00352667 -0.00099208 -0.00104706 -0.00136564 -0.000205335 7.21093e-005 -0.00120662 0.00444722 0.00487677 0.00140079 0.00280056 -0.00280419 0.000243291 0.730351 0.500801 0.314287 1.44565 0.749203 1.05829 0.557747 0.291026]
 [-0.000110878 -7.07557e-006 0.000445513 0.00144012 0.000906843 0.0011571 -0.000227046 0.00040823 -0.000520143 -0.00135155 0.00295512 0.00742604 0.00272604 0.00472475 0.000371524 0.00227349 0.821237 0.95807 0.587962 0.794541 0.738818 0.557747 1.05968 0.922132]
 [-0.000342222 -0.000459601 -1.34155e-005 0.00223105 0.0011919 0.000967828 -0.000379282 -0.000135184 -0.00665023 -0.00319256 -0.00225956 0.00225685 0.00149251 0.00330258 3.72805e-005 0.0024899 0.661204 0.788868 0.507883 0.307849 0.584053 0.291026 0.922132 1.32855]]
C1
[[0.767596 0.46722 0.470647 0.515498 0.366312 0.273307 0.462758 0.349265 -0.00115939 -0.00199712 -0.00144378 0.000771794 -0.00148131 -0.000588138 -0.00257847 -0.00135644 0.00319874 0.00174155 0.00180007 0.00111088 -0.000618497 -7.72719e-005 0.000674298 -0.000696289]
 [0.46722 0.436354 0.430205 0.358103 0.335928 0.239445 0.444046 0.334264 -0.000355705 -0.00109249 3.49037e-005 0.00218679 -0.000153353 0.000709243 -0.001635 -0.000914695 0.00306986 0.00105371 0.00100627 0.00271004 0.00112448 0.00144816 0.00110811 -0.000487933]
 [0.470647 0.430205 0.553441 0.349967 0.319665 0.243097 0.446796 0.333971 -0.000541379 -0.00144912 -0.000717853 0.00127194 -0.000710733 0.000135431 -0.00164513 -0.000971304 0.00205727 -0.000221792 -0.000859652 0.00172335 0.000460064 0.00164804 0.000143648 -0.00101725]
 [0.515498 0.358103 0.349967 1.21984 0.418115 0.519963 0.432536 0.327539 0.000660655 -0.00165708 -0.000532648 0.00493028 0.000549253 0.00226805 -0.00266506 -0.000833523 0.00541727 0.00623672 0.00384947 0.00439026 0.00411432 0.00328367 0.00535384 0.0027513]
 [0.366312 0.335928 0.319665 0.418115 0.380306 0.264381 0.413016 0.32801 0.000750262 -0.000673538 0.000432399 0.00305013 0.000543542 0.00101477 -0.00127114 -0.000672133 0.00315899 0.0010394 0.00191857 0.00414622 0.00139016 0.00217997 0.00123692 -0.000380571]
 [0.273307 0.239445 0.243097 0.519963 0.264381 0.31128 0.275192 0.201891 0.00064288 -0.000897038 -0.000425644 0.00354985 0.000480743 0.00115027 -0.00160873 -0.000848706 0.00238218 0.00132867 0.00159344 0.00312401 0.00147418 0.00250183 0.00158314 0.000281603]
 [0.462758 0.444046 0.446796 0.432536 0.413016 0.275192 0.569111 0.398997 8.10219e-005 -0.000731454 0.00084265 0.00325723 4.82657e-005 0.00121195 -0.00192581 -0.000953551 0.0034046 0.00064758 0.00143839 0.00312826 0.00136479 0.00206739 0.000955134 -0.000694339]
 [0.349265 0.334264 0.333971 0.327539 0.32801 0.201891 0.398997 0.363826 0.00123212 0.000106686 0.00154969 0.00242684 0.000736827 0.00119544 -0.000314117 -0.000239319 0.00279244 -0.000105402 0.00103662 0.00412758 0.000849001 0.00169847 5.12133e-005 -0.00162497]
 [-0.00115939 -0.000355705 -0.000541379 0.000660655 0.000750262 0.00064288 8.10219e-005 0.00123212 1.29954 0.632453 0.745378 1.15017 0.561801 0.616768 0.492204 0.385547 0.00817002 -0.007745 -0.00478978 0.00537894 -0.00203414 0.00833078 -0.00724854 -0.0120374]
 [-0.00199712 -0.00109249 -0.00144912 -0.00165708 -0.000673538 -0.000897038 -0.000731454 0.000106686 0.632453 0.58035 0.529879 0.66401 0.479091 0.381392 0.496415 0.399171 0.00486847 -0.00416468 -0.00228432 0.00191686 -0.00207813 0.00391344 -0.00373936 -0.00453358]
 [-0.00144378 3.49037e-005 -0.000717853 -0.000532648 0.000432399 -0.000425644 0.00084265 0.00154969 0.745378 0.529879 0.735652 0.636084 0.425615 0.385784 0.427215 0.379772 0.00694584 -0.00499436 -0.00314116 0.000112458 -0.00115755 0.00498905 -0.00290214 -0.00720859]
 [0.000771794 0.00218679 0.00127194 0.00493028 0.00305013 0.00354985 0.00325723 0.00242684 1.15017 0.66401 0.636084 2.1581 0.836753 0.991073 0.597126 0.410956 0.00521391 -0.00137449 -0.00518406 0.00493587 0.00200941 0.00802765 -0.00128057 -0.00732924]
 [-0.00148131 -0.000153353 -0.000710733 0.000549253 0.000543542 0.000480743 4.82657e-005 0.000736827 0.561801 0.479091 0.425615 0.836753 0.596217 0.509952 0.466019 0.377703 0.00346243 -0.00394559 -0.00183379 0.00688116 -0.00223894 0.00398551 -0.00560449 -0.00594027]
 [-0.000588138 0.000709243 0.000135431 0.00226805 0.00101477 0.00115027 0.00121195 0.00119544 0.616768 0.381392 0.385784 0.991073 0.509952 0.6074 0.37227 0.266124 0.00393458 0.000826811 -0.00112503 0.0044681 0.00134973 0.00482557 0.000140663 -0.00226301]
 [-0.00257847 -0.001635 -0.00164513 -0.00266506 -0.00127114 -0.00160873 -0.00192581 -0.000314117 0.492204 0.496415 0.427215 0.597126 0.466019 0.37227 0.581059 0.394417 0.00491776 -0.00883841 -0.004934 0.00409876 -0.00424822 0.00334362 -0.00861139 -0.00936446]
 [-0.00135644 -0.000914695 -0.000971304 -0.000833523 -0.000672133 -0.000848706 -0.000953551 -0.000239319 0.385547 0.399171 0.379772 0.410956 0.377703 0.266124 0.394417 0.439038 0.00266027 -0.00682222 -0.00513985 0.00103067 -0.00311523 0.00119184 -0.00586153 -0.00564943]
 [0.00319874 0.00306986 0.00205727 0.00541727 0.00315899 0.00238218 0.0034046 0.00279244 0.00817002 0.00486847 0.00694584 0.00521391 0.00346243 0.00393458 0.00491776 0.00266027 2.0745 0.842697 1.08593 1.18944 0.46586 0.61898 0.71116 -0.200135]
 [0.00174155 0.00105371 -0.000221792 0.00623672 0.0010394 0.00132867 0.00064758 -0.000105402 -0.007745 -0.00416468 -0.00499436 -0.00137449 -0.00394559 0.000826811 -0.00883841 -0.00682222 0.842697 3.06627 1.37239 0.0191454 2.10658 0.62832 2.9085 2.52647]
 [0.00180007 0.00100627 -0.000859652 0.00384947 0.00191857 0.00159344 0.00143839 0.00103662 -0.00478978 -0.00228432 -0.00314116 -0.00518406 -0.00183379 -0.00112503 -0.004934 -0.00513985 1.08593 1.37239 1.35489 0.477239 0.781965 0.410377 1.23067 0.810334]
 [0.00111088 0.00271004 0.00172335 0.00439026 0.00414622 0.00312401 0.00312826 0.00412758 0.00537894 0.00191686 0.000112458 0.00493587 0.00688116 0.0044681 0.00409876 0.00103067 1.18944 0.0191454 0.477239 2.71635 0.212991 0.862879 0.136823 -0.465945]
 [-0.000618497 0.00112448 0.000460064 0.00411432 0.00139016 0.00147418 0.00136479 0.000849001 -0.00203414 -0.00207813 -0.00115755 0.00200941 -0.00223894 0.00134973 -0.00424822 -0.00311523 0.46586 2.10658 0.781965 0.212991 2.02143 0.822339 2.23011 1.97184]
 [-7.72719e-005 0.00144816 0.00164804 0.00328367 0.00217997 0.00250183 0.00206739 0.00169847 0.00833078 0.00391344 0.00498905 0.00802765 0.00398551 0.00482557 0.00334362 0.00119184 0.61898 0.62832 0.410377 0.862879 0.822339 0.81095 0.766308 0.422081]
 [0.000674298 0.00110811 0.000143648 0.00535384 0.00123692 0.00158314 0.000955134 5.12133e-005 -0.00724854 -0.00373936 -0.00290214 -0.00128057 -0.00560449 0.000140663 -0.00861139 -0.00586153 0.71116 2.9085 1.23067 0.136823 2.23011 0.766308 3.04546 2.62951]
 [-0.000696289 -0.000487933 -0.00101725 0.0027513 -0.000380571 0.000281603 -0.000694339 -0.00162497 -0.0120374 -0.00453358 -0.00720859 -0.00732924 -0.00594027 -0.00226301 -0.00936446 -0.00564943 -0.200135 2.52647 0.810334 -0.465945 1.97184 0.422081 2.62951 3.00486]]
C2
[[0.932979 0.572518 0.553412 0.554941 0.450064 0.317993 0.513112 0.489418 0.000631656 -0.00113786 0.000255405 -0.00190889 0.000593109 -0.000593691 0.000479983 -0.00076978 0.000287696 0.000249215 3.14467e-005 0.00230028 0.000249567 -0.00106133 0.000747935 9.59375e-005]
 [0.572518 0.607654 0.538824 0.583831 0.468996 0.337923 0.53418 0.480192 -0.000574991 -0.00126129 0.000195199 -0.001109 1.69052e-005 -0.000424296 0.000435351 -0.000627911 0.00140157 0.000320856 0.000993088 0.00234095 0.000360621 -0.000125654 0.00051198 0.000442536]
 [0.553412 0.538824 0.626539 0.483123 0.425511 0.33118 0.469801 0.456289 -0.0013351 -0.00292957 -0.00115924 -0.00562079 -0.00101703 -0.00201826 -0.000610618 -0.00165458 -0.00059972 -0.0010085 -0.000201914 -0.000209016 -0.000955531 -0.00142281 -0.000676926 -0.000637799]
 [0.554941 0.583831 0.483123 1.35767 0.656699 0.5868 0.632976 0.485452 -0.00119452 -7.46621e-006 0.00162449 -0.00176808 -0.000756623 -0.00175781 0.00152175 0.000455983 0.00156386 0.000665454 0.00304406 0.00288079 -0.000684204 -0.000246764 0.00140605 0.0021016]
 [0.450064 0.468996 0.425511 0.656699 0.494557 0.362281 0.494264 0.414928 -0.000450147 -0.00124136 8.62884e-005 -0.00119369 -0.000486095 -0.0006981 0.000335719 -0.000498155 0.000952413 0.00023106 0.000883976 0.00103062 -0.000630466 -0.000437426 0.000221474 0.000689304]
 [0.317993 0.337923 0.33118 0.5868 0.362281 0.371351 0.352148 0.287047 -0.000468314 -0.000956323 0.000158079 -0.00111841 -0.00094921 -0.00106617 -1.76009e-005 -0.00075309 0.000498018 -0.000557348 0.000630963 0.00180701 -0.000457928 0.000130294 0.000175202 0.000701581]
 [0.513112 0.53418 0.469801 0.632976 0.494264 0.352148 0.574064 0.472448 -7.17037e-005 -0.00129507 -0.000220382 -0.00124745 6.18497e-006 -0.000840217 0.000545688 -0.000567971 0.00151118 5.58899e-005 0.000752894 0.00199275 -9.24667e-005 -7.10269e-005 0.000242649 0.000537839]
 [0.489418 0.480192 0.456289 0.485452 0.414928 0.287047 0.472448 0.481749 -0.000326997 -0.000805011 0.000677762 -0.00196195 -5.83777e-007 -0.000919138 0.000907164 6.43406e-005 0.000470867 -0.000636753 -0.000191167 0.000987917 -0.000185707 -0.000292153 -0.00018354 -5.17585e-005]
 [0.000631656 -0.000574991 -0.0013351 -0.00119452 -0.000450147 -0.000468314 -7.17037e-005 -0.000326997 0.879329 0.46848 0.596588 0.689902 0.42056 0.358807 0.440458 0.198186 0.00570591 -0.000351693 -0.000445547 0.00506479 -0.00094754 -0.000459633 -0.00135501 0.00115323]
 [-0.00113786 -0.00126129 -0.00292957 -7.46621e-006 -0.00124136 -0.000956323 -0.00129507 -0.000805011 0.46848 0.913555 0.808452 0.473004 0.593209 0.377636 0.746671 0.747614 0.0102019 0.00413365 0.00445415 -0.000123797 0.00100675 0.000324016 0.00100482 -0.00243921]
 [0.000255405 0.000195199 -0.00115924 0.00162449 8.62884e-005 0.000158079 -0.000220382 0.000677762 0.596588 0.808452 0.960821 0.434864 0.511778 0.346235 0.625814 0.617002 0.00755226 0.00445927 0.0038092 0.00206648 0.00116821 -0.00125038 0.00146128 0.0026864]
 [-0.00190889 -0.001109 -0.00562079 -0.00176808 -0.00119369 -0.00111841 -0.00124745 -0.00196195 0.689902 0.473004 0.434864 1.73023 0.608418 0.680422 0.518815 0.28643 0.0137758 0.00366743 0.00666481 0.00958277 0.00388926 0.00215958 0.00240055 0.00304265]
 [0.000593109 1.69052e-005 -0.00101703 -0.000756623 -0.000486095 -0.00094921 6.18497e-006 -5.83777e-007 0.42056 0.593209 0.511778 0.608418 0.705873 0.461073 0.633617 0.546974 0.00601739 0.000593948 -0.00142641 -0.00616774 -0.00191179 -0.00352722 -0.00154517 -0.00496462]
 [-0.000593691 -0.000424296 -0.00201826 -0.00175781 -0.0006981 -0.00106617 -0.000840217 -0.000919138 0.358807 0.377636 0.346235 0.680422 0.461073 0.494143 0.388125 0.36009 0.00529216 0.00210035 0.00174559 -0.00195814 -0.00119291 -0.00106262 -0.00055001 -0.000408321]
 [0.000479983 0.000435351 -0.000610618 0.00152175 0.000335719 -1.76009e-005 0.000545688 0.000907164 0.440458 0.746671 0.625814 0.518815 0.633617 0.388125 0.787441 0.69608 0.00857454 0.00296285 0.000691997 -0.00416165 0.000454628 -0.00272562 0.000492435 -0.00491345]
 [-0.00076978 -0.000627911 -0.00165458 0.000455983 -0.000498155 -0.00075309 -0.000567971 6.43406e-005 0.198186 0.747614 0.617002 0.28643 0.546974 0.36009 0.69608 0.874471 0.00848978 0.00392204 0.00319671 -0.00414163 0.00215519 0.000128397 0.00162722 -0.00354953]
 [0.000287696 0.00140157 -0.00059972 0.00156386 0.000952413 0.000498018 0.00151118 0.000470867 0.00570591 0.0102019 0.00755226 0.0137758 0.00601739 0.00529216 0.00857454 0.00848978 1.83968 1.39199 1.19057 2.50967 1.27294 1.20067 1.21133 0.593592]
 [0.000249215 0.000320856 -0.0010085 0.000665454 0.00023106 -0.000557348 5.58899e-005 -0.000636753 -0.000351693 0.00413365 0.00445927 0.00366743 0.000593948 0.00210035 0.00296285 0.00392204 1.39199 1.57749 1.24523 1.92517 1.14701 0.834365 1.4185 0.856014]
 [3.14467e-005 0.000993088 -0.000201914 0.00304406 0.000883976 0.000630963 0.000752894 -0.000191167 -0.000445547 0.00445415 0.0038092 0.00666481 -0.00142641 0.00174559 0.000691997 0.00319671 1.19057 1.24523 1.27023 1.46109 0.851196 0.730679 1.02316 0.649845]
 [0.00230028 0.00234095 -0.000209016 0.00288079 0.00103062 0.00180701 0.00199275 0.000987917 0.00506479 -0.000123797 0.00206648 0.00958277 -0.00616774 -0.00195814 -0.00416165 -0.00414163 2.50967 1.92517 1.46109 5.51814 2.26505 2.43825 1.86865 0.859215]
 [0.000249567 0.000360621 -0.000955531 -0.000684204 -0.000630466 -0.000457928 -9.24667e-005 -0.000185707 -0.00094754 0.00100675 0.00116821 0.00388926 -0.00191179 -0.00119291 0.000454628 0.00215519 1.27294 1.14701 0.851196 2.26505 1.53772 1.27317 1.35935 0.678762]
 [-0.00106133 -0.000125654 -0.00142281 -0.000246764 -0.000437426 0.000130294 -7.10269e-005 -0.000292153 -0.000459633 0.000324016 -0.00125038 0.00215958 -0.00352722 -0.00106262 -0.00272562 0.000128397 1.20067 0.834365 0.730679 2.43825 1.27317 1.55914 0.93041 0.294979]
 [0.000747935 0.00051198 -0.000676926 0.00140605 0.000221474 0.000175202 0.000242649 -0.00018354 -0.00135501 0.00100482 0.00146128 0.00240055 -0.00154517 -0.00055001 0.000492435 0.00162722 1.21133 1.4185 1.02316 1.86865 1.35935 0.93041 1.7107 0.93548]
 [9.59375e-005 0.000442536 -0.000637799 0.0021016 0.000689304 0.000701581 0.000537839 -5.17585e-005 0.00115323 -0.00243921 0.0026864 0.00304265 -0.00496462 -0.000408321 -0.00491345 -0.00354953 0.593592 0.856014 0.649845 0.859215 0.678762 0.294979 0.93548 0.933461]]
C3
[[0.649972 0.284334 0.395578 0.44312 0.289003 0.248991 0.259268 0.147226 0.00119742 -1.65713e-005 -0.00134439 -0.00169492 -0.000708035 -0.00219323 -0.00142565 2.57525e-006 -0.000272953 -0.000337352 0.000470217 0.0029685 0.00192311 0.000975037 0.000820656 0.00040985]
 [0.284334 0.412781 0.32104 0.433631 0.355334 0.215314 0.392176 0.349664 0.0011582 -0.00157582 -0.00265791 -0.00325699 -0.00158209 -0.00198325 -0.00196203 -0.000112015 0.000383378 -0.000274729 -0.000530484 0.00229957 0.00137842 0.000844439 0.000587734 -0.000541345]
 [0.395578 0.32104 0.490966 0.346484 0.265628 0.215041 0.295507 0.252891 0.00102481 -0.0010768 -0.00188173 -0.00147924 -0.000991459 -0.00145294 -0.0007704 -4.63363e-005 5.95414e-005 -0.00060704 -0.00103787 0.00166566 0.000420496 0.000213994 -0.000524463 -0.000696299]
 [0.44312 0.433631 0.346484 1.19834 0.489616 0.437695 0.414305 0.356104 0.0015431 -0.00172718 -0.00324814 -0.00560698 -0.00328573 -0.00411057 -0.00386202 -0.00189244 -0.00169383 -0.000705399 -0.00102274 0.00288458 0.00197786 0.00135442 0.00127468 0.000720724]
 [0.289003 0.355334 0.265628 0.489616 0.412454 0.252917 0.352627 0.31229 0.00105522 4.55519e-005 -0.00124961 -0.000552036 -0.000803822 -0.00115623 -0.000857096 0.000518409 -0.00109273 -0.00101074 -0.00112841 0.00117734 0.000644635 0.000304462 -0.000305185 -0.00125741]
 [0.248991 0.215314 0.215041 0.437695 0.252917 0.266397 0.188111 0.158637 0.000684645 -0.000416309 -0.000905218 -0.000597594 -0.000785169 -0.00131886 -0.0010331 -0.000124393 -0.00124329 -0.000909758 -0.00122739 0.000895206 0.000463701 0.000329684 -0.000355303 -0.000404108]
 [0.259268 0.392176 0.295507 0.414305 0.352627 0.188111 0.446989 0.359547 0.000587182 -0.00175609 -0.002727 -0.00237678 -0.00195206 -0.00210151 -0.0021946 -0.000404291 0.000499359 -0.000185132 -8.42093e-005 0.00245801 0.00130159 0.00107323 0.000580086 -0.000373982]
 [0.147226 0.349664 0.252891 0.356104 0.31229 0.158637 0.359547 0.401903 0.001608 -0.000392191 -0.0018577 -0.002045 -0.000473429 -0.00117742 -0.000419273 0.000458393 0.000821268 -0.000337404 -0.000714956 0.00216662 0.00147273 0.00117312 0.000293163 -0.000981809]
 [0.00119742 0.0011582 0.00102481 0.0015431 0.00105522 0.000684645 0.000587182 0.001608 0.859321 0.573482 0.543144 0.582029 0.504399 0.326453 0.610973 0.453234 -0.00432828 0.0019491 0.00266439 0.00211953 0.000835461 0.00194864 0.00117209 0.00211935]
 [-1.65713e-005 -0.00157582 -0.0010768 -0.00172718 4.55519e-005 -0.000416309 -0.00175609 -0.000392191 0.573482 0.615674 0.453348 0.531929 0.54551 0.34895 0.641265 0.436007 -0.00447339 0.00285186 0.00349802 0.00486357 0.00215935 0.00239239 0.00148552 -0.000371255]
 [-0.00134439 -0.00265791 -0.00188173 -0.00324814 -0.00124961 -0.000905218 -0.002727 -0.0018577 0.543144 0.453348 0.544682 0.447777 0.354081 0.245748 0.431967 0.320944 -0.0017139 0.00473336 0.00706906 0.00878505 0.00579897 0.00329217 0.00627876 0.0046056]
 [-0.00169492 -0.00325699 -0.00147924 -0.00560698 -0.000552036 -0.000597594 -0.00237678 -0.002045 0.582029 0.531929 0.447777 1.7024 0.684681 0.696084 0.593828 0.510413 -0.0030553 -0.000407017 0.000324604 0.00224861 -0.00309678 -0.00515137 -0.00200526 -0.00477438]
 [-0.000708035 -0.00158209 -0.000991459 -0.00328573 -0.000803822 -0.000785169 -0.00195206 -0.000473429 0.504399 0.54551 0.354081 0.684681 0.674851 0.42786 0.672268 0.468407 -0.00429515 8.19626e-007 0.00233027 0.0038941 -1.8517e-005 0.00120314 -0.00181664 -0.00125917]
 [-0.00219323 -0.00198325 -0.00145294 -0.00411057 -0.00115623 -0.00131886 -0.00210151 -0.00117742 0.326453 0.34895 0.245748 0.696084 0.42786 0.447134 0.395322 0.298398 -0.00369974 -8.54734e-005 -0.00077665 0.00156405 0.000386988 0.000657702 -0.000606577 -0.000471901]
 [-0.00142565 -0.00196203 -0.0007704 -0.00386202 -0.000857096 -0.0010331 -0.0021946 -0.000419273 0.610973 0.641265 0.431967 0.593828 0.672268 0.395322 0.871621 0.52085 -0.00354573 0.00285723 0.00613804 0.00724561 0.00224881 0.00500466 -5.56353e-005 -0.000461637]
 [2.57525e-006 -0.000112015 -4.63363e-005 -0.00189244 0.000518409 -0.000124393 -0.000404291 0.000458393 0.453234 0.436007 0.320944 0.510413 0.468407 0.298398 0.52085 0.448828 -0.00285443 0.00162798 0.00271777 0.00535453 0.00132717 0.00244369 0.000459197 0.00119447]
 [-0.000272953 0.000383378 5.95414e-005 -0.00169383 -0.00109273 -0.00124329 0.000499359 0.000821268 -0.00432828 -0.00447339 -0.0017139 -0.0030553 -0.00429515 -0.00369974 -0.00354573 -0.00285443 1.0436 0.605549 0.640032 0.867022 0.664708 0.489563 0.625304 0.42307]
 [-0.000337352 -0.000274729 -0.00060704 -0.000705399 -0.00101074 -0.000909758 -0.000185132 -0.000337404 0.0019491 0.00285186 0.00473336 -0.000407017 8.19626e-007 -8.54734e-005 0.00285723 0.00162798 0.605549 0.758276 0.591758 0.773877 0.64861 0.420043 0.807625 0.577849]
 [0.000470217 -0.000530484 -0.00103787 -0.00102274 -0.00112841 -0.00122739 -8.42093e-005 -0.000714956 0.00266439 0.00349802 0.00706906 0.000324604 0.00233027 -0.00077665 0.00613804 0.00271777 0.640032 0.591758 0.855908 0.774249 0.468161 0.356724 0.548013 0.44134]
 [0.0029685 0.00229957 0.00166566 0.00288458 0.00117734 0.000895206 0.00245801 0.00216662 0.00211953 0.00486357 0.00878505 0.00224861 0.0038941 0.00156405 0.00724561 0.00535453 0.867022 0.773877 0.774249 2.84369 1.27981 1.41201 1.07598 0.526347]
 [0.00192311 0.00137842 0.000420496 0.00197786 0.000644635 0.000463701 0.00130159 0.00147273 0.000835461 0.00215935 0.00579897 -0.00309678 -1.8517e-005 0.000386988 0.00224881 0.00132717 0.664708 0.64861 0.468161 1.27981 1.17911 0.937333 0.903925 0.530654]
 [0.000975037 0.000844439 0.000213994 0.00135442 0.000304462 0.000329684 0.00107323 0.00117312 0.00194864 0.00239239 0.00329217 -0.00515137 0.00120314 0.000657702 0.00500466 0.00244369 0.489563 0.420043 0.356724 1.41201 0.937333 1.17006 0.620055 0.293588]
 [0.000820656 0.000587734 -0.000524463 0.00127468 -0.000305185 -0.000355303 0.000580086 0.000293163 0.00117209 0.00148552 0.00627876 -0.00200526 -0.00181664 -0.000606577 -5.56353e-005 0.000459197 0.625304 0.807625 0.548013 1.07598 0.903925 0.620055 1.14076 0.759667]
 [0.00040985 -0.000541345 -0.000696299 0.000720724 -0.00125741 -0.000404108 -0.000373982 -0.000981809 0.00211935 -0.000371255 0.0046056 -0.00477438 -0.00125917 -0.000471901 -0.000461637 0.00119447 0.42307 0.577849 0.44134 0.526347 0.530654 0.293588 0.759667 0.880942]]
